0 20 75 54 0 0 41 82 41 0 
3 22 79 57 -3 3 40 81 41 -3 
5 28 89 61 -5 5 39 81 41 -5 
8 36 101 65 -8 8 38 80 42 -8 
9 44 110 65 -9 9 37 79 42 -9 
10 51 114 62 -10 10 35 79 43 -10 
9 56 112 55 -9 9 34 79 44 -9 
8 55 104 48 -8 8 32 79 46 -8 
5 51 94 42 -5 5 30 79 49 -5 
3 46 85 38 -3 3 26 78 52 -3 
0 41 82 40 0 0 21 76 54 0 
-3 40 81 41 3 -3 22 79 57 3 
-5 39 81 41 5 -5 28 89 61 5 
-8 38 80 42 8 -8 36 101 65 8 
-9 37 79 42 9 -9 44 110 65 9 
-10 36 79 43 10 -10 52 114 62 10 
-9 34 79 44 9 -9 56 112 55 9 
-8 32 79 46 8 -8 56 104 48 8 
-5 30 79 49 5 -5 52 94 42 5 
-3 26 78 52 3 -3 46 85 38 3 
